1.0000 0.3000   -0.1500   0   0   0   0   0   0   0
0.3000 1.0000 0.3000   -0.1500   0   0   0   0   0   0
-0.1500 0.3000 1.0000 0.3000   -0.1500   0   0   0   0   0
0   -0.1500 0.3000 1.0000 0.3000   -0.1500   0   0   0   0
0   0   -0.1500 0.3000 1.0000 0.3000   -0.1500   0   0   0
0   0   0   -0.1500 0.3000 1.0000 0.3000   -0.1500   0   0
0   0   0   0   -0.1500 0.3000 1.0000 0.3000   -0.1500   0
0   0   0   0   0   -0.1500 0.3000 1.0000 0.3000   -0.1500
0   0   0   0   0   0   -0.1500 0.3000 1.0000 0.3000
0   0   0   0   0   0   0   -0.1500 0.3000 1.0000


92.0000 98.5000  2.5000 46.5000 50.5000 42.0000 48.5000 65.0000 34.0000 25.5000
98.5000 80.0000 44.0000 50.5000 54.5000 48.5000 30.0000 31.5000 38.0000 29.5000
2.5000 44.0000 88.0000 19.5000 23.5000 65.0000 69.0000 38.0000 82.0000 73.5000
46.5000 50.5000 19.5000 21.0000  2.5000 71.5000 75.5000 82.0000 83.5000 52.5000
50.5000 54.5000 23.5000  2.5000  9.0000 75.5000 79.5000 86.0000 65.0000 59.0000
42.0000 48.5000 65.0000 71.5000 75.5000 42.0000 48.5000 27.5000 34.0000 50.5000
48.5000 30.0000 69.0000 75.5000 79.5000 48.5000 30.0000 31.5000 38.0000 54.5000
65.0000 31.5000 38.0000 82.0000 86.0000 27.5000 31.5000 38.0000 44.5000 61.0000
34.0000 38.0000 82.0000 83.5000 65.0000 34.0000 38.0000 44.5000 46.0000 40.0000
25.5000 29.5000 73.5000 52.5000 59.0000 50.5000 54.5000 61.0000 40.0000 59.0000




3 
3	
1.0 0.5 0.1 
0.5 1.0 0.2
0.1 0.2 1.0
